16 16 108 
1 1 4
1 4 2
1 6 1
1 11 5
1 12 7
1 13 6
1 16 8
2 2 1
2 7 5
2 8 7
2 9 6
2 12 8
2 13 4
2 16 2
3 3 5
3 4 7
3 5 6
3 8 8
3 9 4
3 12 2
3 14 1
4 1 6
4 4 8
4 5 4
4 8 2
4 10 1
4 15 5
5 2 1
5 7 5
5 8 7
5 9 6
5 12 8
5 13 4
5 16 2
6 3 5
6 4 7
6 5 6
6 8 8
6 9 4
6 12 2
6 14 1
7 1 6
7 4 8
7 5 4
7 8 2
7 10 1
7 15 5
8 1 4
8 4 2
8 6 1
8 11 5
8 12 7
8 13 6
8 16 8
9 3 5
9 4 7
9 5 6
9 8 8
9 9 4
9 12 2
9 14 1
10 1 6
10 4 8
10 5 4
10 8 2
10 10 1
10 15 5
11 1 4
11 4 2
11 6 1
11 11 5
11 12 7
11 13 6
11 16 8
12 2 1
12 7 5
12 8 7
12 9 6
12 12 8
12 13 4
12 16 2
13 1 6
13 4 8
13 5 4
13 8 2
13 10 1
13 15 5
14 1 4
14 4 2
14 6 1
14 11 5
14 12 7
14 13 6
14 16 8
15 2 1
15 7 5
15 8 7
15 9 6
15 12 8
15 13 4
15 16 2
16 3 5
16 4 7
16 5 6
16 8 8
16 9 4
16 12 2
16 14 1
